data;

set BASE_POLYS := 0 1 2 3 4 5 6 7 8 9 10 11 12 13 14 15 16 17 18 19;
set BASE_NODES := 0 1 2 3 4 5 6 7 8 9 10 11 12 13 14 15 16 17 18 19 20;

set EE_POLYS := 0 1 2 3 4 5 6 7 8 9;
set EE_NODES := 0 1 2 3 4 5 6 7 8 9 10;

set FORCE_POLYS := 0 1 2 3 4 5 6 7 8 9 10 11 12 13 14;
set FORCE_NODES := 0 1 2 3 4 5 6 7 8 9 10 11 12 13 14 15;

set DYN_K := 0 1 2 3 4 5 6 7 8 9 10 11 12 13 14 15 16 17 18 19 20 21;
set ROM_K := 0 1 2 3 4 5 6 7 8 9 10 11 12 13 14 15 16 17 18 19 20 21 22 23 24 25 26;

param reg_weight := 0.0;
param mass := 20.0;
param grav := 9.80665;
param mu := 0.5;
param fn_max := 1000.0;

param nominal :=
1  0.0
2  0.0
3 -0.58 ;

param max_dev :=
1 0.25
2 0.15
3 0.20 ;

param inertia:
     1     2      3 :=
1   1.2  -0.0   0.2
2  -0.0   5.5   0.01
3   0.2   0.01  6.0 ;

param b_start :=
0 0.0   1 0.1   2 0.2   3 0.3   4 0.4
5 0.5   6 0.6   7 0.7   8 0.8   9 0.9
10 1.0  11 1.1  12 1.2  13 1.3  14 1.4
15 1.5  16 1.6  17 1.7  18 1.8  19 1.9 ;

param b_dur :=
0 0.1 1 0.1 2 0.1 3 0.1 4 0.1
5 0.1 6 0.1 7 0.1 8 0.1 9 0.1
10 0.1 11 0.1 12 0.1 13 0.1 14 0.1
15 0.1 16 0.1 17 0.1 18 0.1 19 0.1 ;

# End-effector motion polynomials:
# stance 0.4, swing 0.2 split into two 0.1 polynomials, repeated.
param e_start :=
0 0.0  1 0.4  2 0.5  3 0.6  4 1.0
5 1.1  6 1.2  7 1.6  8 1.7  9 1.8 ;

param e_dur :=
0 0.4  1 0.1  2 0.1  3 0.4  4 0.1
5 0.1  6 0.4  7 0.1  8 0.1  9 0.2 ;

# Force polynomials:
# stance phases are split into three polynomials; swing phases are zero-force
# constant phases.
param f_start :=
0 0.0
1 0.1333333333333333
2 0.2666666666666667
3 0.4
4 0.6
5 0.7333333333333333
6 0.8666666666666667
7 1.0
8 1.2
9 1.3333333333333333
10 1.4666666666666667
11 1.6
12 1.8
13 1.8666666666666667
14 1.9333333333333333 ;

param f_dur :=
0 0.1333333333333333
1 0.1333333333333333
2 0.1333333333333333
3 0.2
4 0.1333333333333333
5 0.1333333333333333
6 0.1333333333333333
7 0.2
8 0.1333333333333333
9 0.1333333333333333
10 0.1333333333333333
11 0.2
12 0.0666666666666667
13 0.0666666666666667
14 0.0666666666666667 ;

param tdyn :=
0 0.0  1 0.1  2 0.2  3 0.3  4 0.4
5 0.5  6 0.6  7 0.7  8 0.8  9 0.9
10 1.0 11 1.1 12 1.2 13 1.3 14 1.4
15 1.5 16 1.6 17 1.7 18 1.8 19 1.9 20 2.0 21 2.0 ;

param trom :=
0 0.00  1 0.08  2 0.16  3 0.24  4 0.32
5 0.40  6 0.48  7 0.56  8 0.64  9 0.72
10 0.80 11 0.88 12 0.96 13 1.04 14 1.12
15 1.20 16 1.28 17 1.36 18 1.44 19 1.52
20 1.60 21 1.68 22 1.76 23 1.84 24 1.92 25 2.00 26 2.00 ;

set EE_STANCE_POLYS := 0 3 6 9;
set EE_STANCE_NODES := 0 1 3 4 6 7 9 10;
set EE_SWING_MID_NODES := 2 5 8;

param ee_stance_owner :=
0 0
1 0
3 3
4 3
6 6
7 6
9 9
10 9 ;

set FORCE_SWING_NODES := 3 4 7 8 11 12;
set FORCE_CONE_NODES := 0 1 2 5 6 9 10 13 14 15;

end;
